1899
1973
1919
1937
2012
2043
1562
1911
2112
2034
2036
2261
2422
2108
2088
2160
2127
2048
2224
2150
2075
2041
2165
1863
2388
2261
2200
2398
2260
2343
2200
2405
2316
2484
2356
2424
2329
2725
2451
2534
2382
2396
2400
2899
2530
2541
2650
2467
2515
2356
2438
2575
2678
2531
2439
3013
2751
2565
2819
2640
3667
2572
2496
2536
2636
2615
2904
2817
2768
3021
2810
2794
2769
2794
2805
2965
2854
3123
2752
2677
2947
2752
2654
2668
2642
2840
2987
2885
3060
2969
2775
2696
2859
2829
3007
2888
2884
2677
3077
2893
3119
2900
2843
3430
3038
3073
4130
3011
2938
2706
2883
2675
2777
2909
3001
2873
3022
2970
2889
2877
3149
2928
3166
3009
3072
2866
2784
3046
3175
2927
2933
3123
3186
3249
2987
3172
3173
3087
3180
2968
3185
3076
3243
3312
3019
3187
3190
3395
3428
3336
3327
3380
3303
3369
3171
3213
3490
3285
3507
3339
3401
3111
3665
3367
3685
3358
3548
3345
3280
3353
3388
3727
3870
3430
3494
3933
3484
3671
4049
3604
3591
3461
3515
3792
3758
3957
3844
3848
3954
3670
3991
4118
3861
4194
3950
4399
4101
4251
4112
4391
4762
4142
4323
4087
4324
4665
4607
4440
4548
4329
4432
4957
4770
4797
4802
4741
4435
4562
4842
4733
4835
4809
4906
4928
4973
5238
5162
5544
5142
5179
4963
5290
5522
5419
5688
5489
6146
5256
5233
5482
6313
7243
5941
6530
5699
5749
7001
6315
6564
6830
6549
6743
6482
7731
6960
6796
8198
7341
7008
7035
8522
7356
7835
7275
7236
7894
8537
9010
7575
7560
7702
7943
7931
9315
8913
8469
9318
8494
10613
9935
9376
8562
9318
8555
8807
9200
8417
8515
9304
8847
11234
10024
9373
8937
9353
12400
9960
9435
9767
9823
9911
10405
9396
10465
10813
10577
10521
10438
10087
11687
10405
11411
11814
10887
11094
11241
10220
12767
10740
10343
10343
3249
9310
10631
13480
13846
15369
13340
13716
13708
14813
14609
14205
13606
13347
11524
11592
11148
11451
10163
8708
8317
7630
6850
7409
6589
7094
6206
5640
4955
4655
3985
3345
3073
3017
2242
1913
1763
1362