4.383838383838384
4.181818181818182
4.4
4.191919191919192
4.45
5.232323232323233
4.18
3.6831683168316833
4.089108910891089
4.555555555555555
3.826530612244898
3.4356435643564356
3.4646464646464645
4.07
3.66
4.19
4.0
4.24
3.8585858585858586
4.00990099009901
4.08
4.22
3.63265306122449
4.387755102040816
4.02
4.23
4.8
3.5643564356435644
3.888888888888889
4.01010101010101
4.55
4.03
4.356435643564357
3.606060606060606
3.9393939393939394
3.45
3.87
3.792079207920792
3.74
3.93
4.33
4.455445544554456
4.03
4.06
3.59
4.72
4.35
3.98989898989899
4.15
4.161616161616162
4.07
3.75
3.4752475247524752
4.1313131313131315
4.02020202020202
3.594059405940594
3.515151515151515
3.77
3.56
3.9313725490196076
4.5049504950495045
4.079207920792079
4.6767676767676765
4.49
3.96
4.27
3.98
4.54
4.0
5.475247524752476
3.881188118811881
4.45
3.909090909090909
4.19
4.08080808080808
3.6831683168316833
3.86
4.848484848484849
4.07
4.198019801980198
4.86
4.04
4.64
4.61
4.4646464646464645
4.95
3.5757575757575757
3.86
4.404040404040404
3.872549019607843
3.93
4.346938775510204
3.881188118811881
4.21
4.204081632653061
4.343434343434343
4.081632653061225
3.96
3.808080808080808
3.8686868686868685
3.62
4.0
4.25
4.51
3.6464646464646466
3.585858585858586
5.99
3.6464646464646466
3.95959595959596
4.24
4.87
4.444444444444445
4.35
3.808080808080808
4.404040404040404
4.353535353535354
4.65
4.2772277227722775
4.05050505050505
4.91
3.702970297029703
4.2727272727272725
4.77
3.99009900990099
3.81
4.891089108910891
4.53
3.98989898989899
3.871287128712871
4.22
4.585858585858586
3.797979797979798
4.37
3.485148514851485
4.18
4.138613861386139
3.9306930693069306
4.25
4.51
4.51
4.777777777777778
4.39
4.08080808080808
4.31
4.363636363636363
4.16
4.39
3.484848484848485
4.82
4.141414141414141
4.376237623762377
5.404040404040404
4.29
4.0
4.36
3.95
4.090909090909091
4.545454545454546
4.910891089108911
4.282828282828283
4.292929292929293
4.3232323232323235
4.06
4.11
4.91
4.01010101010101
4.18
4.292929292929293
4.33
4.6138613861386135
4.656565656565657
3.806122448979592
4.18
4.485148514851486
4.07
4.336633663366337
4.09
4.435643564356436
4.98
4.03960396039604
4.757575757575758
4.353535353535354
4.49
4.02
4.838383838383838
5.1313131313131315
4.54
4.090909090909091
3.707070707070707
4.267326732673268
4.1683168316831685
4.111111111111111
4.26
4.19
3.9603960396039604
3.9
4.83
4.138613861386139
3.88
4.23
3.53
4.070707070707071
3.76
4.73
4.06
4.21
4.18
4.21
4.46
3.95
4.181818181818182
3.52
4.42
4.31
4.08
4.0
4.32
4.040404040404041
3.801980198019802
3.9797979797979797
4.8686868686868685
4.09
4.11
3.97
3.900990099009901
4.52
4.37
3.8
4.19
4.5353535353535355
4.53
3.8137254901960786
3.85
4.425742574257426
3.979591836734694
4.393939393939394
3.6930693069306932
4.72
4.138613861386139
4.282828282828283
4.76
3.1313131313131315
4.03
4.06
4.818181818181818
4.797979797979798
3.46
4.79
4.03030303030303
3.7
4.63
4.02
4.06
3.3366336633663365
4.712871287128713
4.27
5.303030303030303
3.84
4.2727272727272725
4.24
4.19
4.11
3.91
4.070707070707071
4.353535353535354
3.792079207920792
3.386138613861386
4.09
4.623762376237623
4.584158415841584
4.57
4.494949494949495
4.88
3.62
4.47
4.900990099009901
4.616161616161616
4.515151515151516
4.712871287128713
4.634920634920635
4.61
3.979591836734694
3.613861386138614
4.207920792079208
4.363636363636363
3.505050505050505
4.313131313131313
4.316831683168317
3.84
4.363636363636363
4.633663366336633
3.6470588235294117
4.31
4.1313131313131315
3.91
4.96
3.89
4.02
4.33
3.8514851485148514
3.8217821782178216
4.089108910891089
4.227722772277228
3.9
4.0606060606060606
4.38
3.84
3.79
4.09
4.7
4.191919191919192
4.633663366336633
3.505050505050505
4.0
4.306930693069307
5.08
4.6138613861386135
4.62
4.34
4.1
4.1
3.96
4.07
4.4
4.02
4.18
4.242424242424242
4.71
4.42
4.198019801980198
3.92
4.257425742574258
3.6633663366336635
3.67
4.101010101010101
4.35
3.9306930693069306
4.45
3.8585858585858586
4.17
4.040404040404041
4.71
3.96
4.415841584158416
3.8686868686868685
3.910891089108911
3.505050505050505
4.821782178217822
3.891089108910891
3.82
3.732673267326733
4.37
4.606060606060606
4.57
3.732673267326733
4.43
4.64
4.22
4.13