4.223671453230487
4.2014854496808764
4.2229334249138955
4.169856897173813
4.195678043868691
4.3319539558325975
4.20688989815641
4.140109558985516
4.148042825578133
4.267502382385276
4.186887332345893
4.1173057783760685
4.143047632061345
4.131596113687176
4.181619149406073
4.185253835308516
4.209529474392767
4.199664121942938
4.178461985788653
4.192834017094235
4.195073690424481
4.2241930848789835
4.166490922389923
4.18211388910523
4.243349820480601
4.197460670391303
4.25472111747961
4.18969280728051
4.147042866620055
4.204814904278818
4.255683674209892
4.1910719947574275
4.208321753078408
4.12305154084307
4.168048949718522
4.186474649798616
4.166853487851031
4.162828809151759
4.211273646352462
4.156075440564293
4.233669727828078
4.233304507571703
4.193693866063404
4.241930810115988
4.145056181075239
4.208523550478909
4.150720936241315
4.183609629529282
4.137559458988678
4.2074753226729245
4.202963998137049
4.142117151044954
4.182600449905438
4.170236340968261
4.206562630211335
4.143047632061345
4.189182541527529
4.138369194089213
4.214276151865638
4.108280693175727
4.178771709866884
4.180855873057476
4.332867668765774
4.19916314515545
4.168998426616038
4.217734184105856
4.217935381181684
4.344004865352308
4.203888301068645
4.264787454009252
4.1412730437426335
4.2783903857405114
4.16586712101608
4.217667139268501
4.176661018469184
4.105950754940376
4.1464524789999455
4.146628762076839
4.236987457394429
4.230919102843674
4.14748823127271
4.2147376339041305
4.309952408371926
4.2707960709545105
4.254320184327192
4.208198609544271
4.137202740610979
4.147606263121004
4.2437234080452395
4.141587480574067
4.177626365690908
4.2424880366033
4.161375765173167
4.17588098933699
4.17316556449765
4.2939660843206156
4.16940630999447
4.138987986981047
4.190267409214485
4.279698601830988
4.095633285882525
4.168109672248671
4.193636878097186
4.142378795856444
4.140184873914504
4.166247274479179
4.157720466820339
4.189285738758729
4.192642189935442
4.150180843605815
4.339050803008432
4.11997656912929
4.242611795966857
4.157163887174661
4.15419668249387
4.240332265142108
4.120857169470048
4.219693010641152
4.1224269022721325
4.300552335360926
4.174471615881093
4.237440863511742
4.27100052121598
4.133750567408886
4.191062171923348
4.363114797871578
4.198194192461567
4.1966475300184785
4.24683283253322
4.222196279887972
4.279502074572404
4.144097296527535
4.1844656388706
4.1196179696504185
4.201143000485944
4.227015823680068
4.19757825927522
4.251292575990627
4.194938133120409
4.183134036111289
4.23106862297584
4.212915877510919
4.220610530801188
4.2083586430768385
4.140950063314794
4.166791423947676
4.167498234684411
4.160903603754177
4.331000796947928
4.218766543068605
4.20395434366403
4.28992938438641
4.182124932303777
4.171329017550881
4.278490684537515
4.13623932338888
4.132386391770671
4.149502366918072
4.149437694698554
4.1944373643401125
4.226967010352156
4.219954895602965
4.14004923334008
4.127854814152189
4.105865237294949
4.242307376952449
4.257929277157388
4.296104233711661
4.24611773674239
4.287116854335637
4.219846943450618
4.18589153145957
4.14706001713963
4.190972778569102
4.149654108653161
4.134474334963189
4.229072664121833
4.200816444990606
4.298567029862314
4.210666193382093
4.213659540922661
4.185748593150796
4.200584878272336
4.1120103042309175
4.146355302915773
4.3302401147142335
4.209796467962974
4.159789402896622
4.185863835246065
4.2349277873612365
4.127621149195778
4.176319769170247
4.285212117620583
4.207778476879194
4.1190825811513365
4.183219065307548
4.19494558956796
4.249929915480023
4.151887389719549
4.159805051619483
4.148797606480004
4.185288838440359
4.196816024148225
4.226580666981335
4.1622100448897
4.156622705295609
4.095547768237099
4.242195616905792
4.26005761622482
4.127229770692984
4.17346006503315
4.157106061482478
4.24911176411139
4.205426467532105
4.178141304915377
4.177034847057811
4.253139487677885
4.143414427376146
4.120243013109624
4.112790028120068
4.244052781947355
4.222044014976431
4.182072731070006
4.232825437531221
4.1427451641197015
4.228499468447071
4.188332563496441
4.190628702101969
4.2065626302113355
4.2491253043753
4.221470223240151
4.171631485492524
4.136845536760731
4.216365379705678
4.215818515045011
4.26399863407605
4.121071497307345
4.198608807793898
4.123940947909928
4.235086210234146
4.187017851363014
4.112109433214282
4.181159527295224
4.1787915583256465
4.267731087215813
4.2232822067482365
4.109374203888418
4.302094734021564
4.1951824123974175
4.104509832330161
4.233760578190792
4.1224269022721325
4.232464915303021
4.126926521343504
4.237087650297869
4.23051057883117
4.2638430532877125
4.195140564812879
4.183609629529282
4.204740325823762
4.156494623918217
4.1710481669330495
4.19709116484618
4.233744407139447
4.1969812976165475
4.223805851719549
4.105195974038505
4.165779734013319
4.2535255842298625
4.210200904599112
4.139643622179271
4.204479477049877
4.270946242093305
4.1456431938002165
4.144552455384494
4.30415443542838
4.1912647988446885
4.163061470240621
4.225923749060712
4.186169285019007
4.277281785864202
4.15085135331158
4.130080878374601
4.223364910284703
4.146850946412385
4.120985979661919
4.227820920237391
4.25835866360975
4.148956424224646
4.230791164792924
4.156131528211914
4.138154536249038
4.156584446421405
4.224191335801903
4.199046756908127
4.191439020067283
4.155025776098102
4.142442449276659
4.194783107928451
4.169800835717103
4.164068093371068
4.16203754378043
4.164642116401277
4.199260661948836
4.155181790056626
4.187728184651012
4.208469936878952
4.1266768684925275
4.14616613955494
4.235154988218964
4.236352087201469
4.207740946176445
4.130334743177236
4.148785792130428
4.105936973665431
4.215511812070121
4.240855161483415
4.167557504005822
4.230009812117234
4.186274884810719
4.20480796902274
4.1657671548356205
4.17032566736871
4.217156694988055
4.160934568261404
4.197819739338622
4.217537015716102
4.201173761095477
4.183482934838375
4.196816024148225
4.145377570296697
4.140706716532944
4.131350760250968
4.1323096447986725
4.170404161905129
4.27425953384669
4.226094465554608
4.2266868248259994
4.173136308815673
4.240733959387475
4.2107175029915
4.218196206482661
4.157576285195412
4.214139924252403
4.168639165283018
4.177005302326947
4.1120103042309175
4.2683934250669875
4.130634185463324
4.172901596249697
4.134476782679372
4.216183023819286
4.243205916225008
4.257110463951692
4.168041640306475
4.262933418052785
4.274963928891593
4.186975418578913
4.179364478433772