1.0318862859896674
1.02851895445316
1.0198039027185568
1.0017839408660554
1.0805091392487156
1.2295049741174093
1.107971118757163
1.1512429191088025
1.1781762202489914
0.9971902164189442
0.9150165628486625
0.8946025345011104
1.2578089922048339
1.2268251709188231
0.8968834929911464
1.1806354221350466
1.0862780491200215
1.0111379727811631
0.9641042423426268
1.0292268510824614
1.1720068259186889
0.9651942809610924
0.951773372764165
1.1305827742420034
1.1133732527773423
1.1819898476721364
1.0862780491200217
1.1891909354155135
1.0039204854915922
1.1325750537704873
0.9937303457175897
1.144159079848602
1.0770711883938546
0.9408590725006075
1.0231480615838868
1.0331989159885915
1.0262066068779716
1.3881880182180384
1.1542963224406464
1.18536914081648
1.1580587204455568
1.308954328902814
1.0995908329919815
0.8924124606929242
1.020735029280371
1.364404632064843
1.2196310917650468
1.1054954508351273
1.2439855304624732
1.0318862859896674
1.0416813332300816
1.116915395184434
1.0679309078212935
1.0410412876321675
1.0538989465270703
1.2756533392797154
1.2256817221913143
0.8701149349367588
1.1516944039110373
1.0219148109383045
0.9912864166957488
0.9818467981242114
1.0620000459232888
1.0816191566350886
1.0669582934679311
1.1389029809426263
1.0486181383134663
1.0528057750601485
1.0862780491200215
1.1133222017323243
1.0463243416731014
1.16940155635265
0.9437825152968143
1.0458967444255671
1.0413352702108989
1.116311935798448
1.0956276739841868
1.622839738060107
0.9083501527494781
1.1171019966390763
1.257139610385418
1.0287856919689347
1.1092339699089637
1.0944861808172819
1.037801982952834
1.2359207094308273
0.9753622387533989
1.0772186407596183
1.1002221255911193
1.1937054570476393
1.002546757014355
1.050772707090286
1.065081493771105
1.098134782255803
1.0097401532124881
1.026533011386869
1.0269180102374798
1.1306635220082055
1.2923767758837943
0.9602868326383943
1.1382442620105757
1.0583005244258363
1.1434596626029272
1.4247455913249916
0.9981106526897475
0.9429172549587848
1.1957842614786334
1.0474898453077504
0.9839026797483572
0.9911609354691095
1.0065286881157438
0.9767211922128138
1.1346805717910218
0.9606055295328275
1.2626666660202228
1.0570889254101923
1.3955285736952865
0.880130637031429
1.0671754219844194
1.1144056711987784
1.1128818575305754
0.9620913858416692
1.2397983707038822
0.9899999950490098
0.9969453345093702
1.184896620790435
1.117631424039249
1.0777356499676074
1.0960176909809627
0.975499871860576
1.0731818169934082
0.9742108744387465
1.3390668392578469
1.1991239490853611
1.0524257693538295
0.9650291430503926
1.0648053393667993
0.9937303457175896
1.2123943252918992
1.1268983982595768
1.1508060903940296
1.1215614116043757
1.0605579594672072
1.1108105148944172
0.989383498019061
1.0170545708072896
1.0187737727287642
1.1491203167186994
1.0618851161966627
1.0151389516283729
1.2092996512466396
1.0628643586235074
1.1339753083731585
1.2060453783110545
0.943610088966836
1.0136567466356647
1.1728486351735532
0.9349847648813038
1.328283414683243
1.128513852802773
1.3200285063689998
1.0133281780997538
0.9676776322722355
1.1126095451684748
1.4006784070585225
1.029807763711752
1.033247308247159
1.037211931555025
1.0005498488331304
1.01445295241691
1.2961607345270185
0.9546680507103313
1.402711659607918
1.039933941029773
1.0977704678119191
1.2608124657213156
1.1053958566956907
1.0937793647240772
0.8942035562443262
1.116224116741883
1.189948722186173
0.9981106526897475
1.0629675441893793
0.999799979995999
1.1866859949657673
1.0884746499413491
1.0992724866929036
1.083306844346635
1.037211931555025
1.0038647014365605
1.1351216354824962
0.9938079899999065
1.1280070921762861
1.1890752709563845
1.0139696724350185
1.2041594578792296
1.039759587597056
1.0902784000019592
1.0225458424931373
1.056929515152264
1.1528659939472583
0.9974971228790713
1.149956520917204
1.1300884921102419
0.9981983770774223
1.1857065404222076
1.1347246362003425
0.9828021163998376
0.9840731680114035
1.023474474522936
1.0858468404344799
1.0047885349664378
1.031309846748299
1.1806354221350468
1.1373653766490346
1.0677078252031311
1.1391224692718511
1.0142339689746438
1.062593520452149
1.0915635896726077
1.124982286248554
1.0685972113008717
1.094486180817282
1.1176314240392493
1.1475755804186742
1.2921300244170475
1.1459057552870566
1.0392304845413265
1.0458967444255671
1.0474898453077504
1.187055179846329
1.1352670253125536
1.0037429949942367
1.0277971700879984
1.1426749125852587
1.023148061583887
1.1667215152753676
1.0777754868245986
1.0150325846625192
1.1013343976112333
1.3350655414622907
1.177623567013307
1.1700854669638452
1.2555476892575606
1.018650685695249
1.0915635896726077
1.1697863052711808
1.1772425408555367
1.067940011315521
1.1532562594670794
1.1371455491712572
1.1043550153822819
1.1385956261992225
1.0462306479776664
1.0930621322766403
1.1212047092302102
1.4031317457927543
1.09288608738514
1.0900670150669665
0.9911609354691095
1.4049555153100042
1.094486180817282
1.000949549178179
1.103278175427325
1.1038329118281336
1.1197315067423312
1.1601493334203585
1.371823603820841
1.1156091897824374
1.0648973987919803
1.0793979803575695
1.1225308470147912
1.1426285485668561
1.1813551540497886
1.284172885557081
1.156171134811485
1.284775425151079
1.1665682760557672
1.5046899201198314
1.2446914234993869
1.0760576192751017
1.0398154451311834
1.1254948045387072
1.13727859717287
1.0584393452468472
1.0765989975332708
1.1159673490613438
1.1767608930416649
1.1019981851164729
1.2346393204523247
1.546140338418126
1.1769606822320722
1.1286717857729944
1.0977153928805785
1.1053958566956907
1.5742934923323542
1.0853110153315502
1.0860939185908371
1.1920989891783316
1.1291470417348846
1.1115597782721731
1.2827801637593472
1.1593886073904511
1.1357816691600546
1.212878551284212
1.0934349546269315
1.09288608738514
1.1251222155837117
1.1584040745784694
1.1445523142259595
1.1949114981535447
1.3695614118889312
1.038391699062335
1.2309149097933274
1.2001862417968845
1.2056533498481226
1.2740385389021711
1.412657070912824
1.2101239605924679
1.1874342087037917
1.1874342087037917
1.1128342194594842
1.1511298797268708
1.208304597359457
1.2081390648431163
1.1608617488745159
1.356547229430266
1.243342269851709
1.176265276202609
1.1346897511174807
1.222129289396175
1.2947224584774277
1.2289996553808238
1.1493911431710269
1.3669619008157499
1.0331989159885913
1.1192060989523616
1.2359207094308275
1.1371602146309088
1.1229870880824944
1.1274283951747452
1.1251222155837117
1.0669582934679311
1.1626814921259148
1.124982286248554
1.1353806872455163
1.1134960629915691
1.2137499343146099
1.176510952674293
1.1347246362003427
1.0798889666879985
1.2700787377166818
1.1531089448751788
1.2510395677195825
1.0798889666879985
1.1769027147559818
1.2126005112979295
1.2048236385463227
1.055035544424926